% !TEX root = RelativeThompsonSampling.tex

\subsection{Application to Information Retrieval}
\label{sec:irapp}

\note{Masrour: I think this was all written by Anne and it seems like there is a lot of overlap with the stuff that comes before, which was probably written by Shimon. It's pretty clear that there are a lot of redundancies, but it's not clear to me which one should stay and which one should go.} 

\emph{Information retrieval} (IR) systems can optimize document rankings using feedback in the form of user interactions, e.g. mouse clicks, with the system. 
The weights of a function, that ranks documents represented by a feature vector for a given query, are adjusted such that the system attracts more clicks in the top of a document ranking.
We call these weights \emph{rankers}, as they govern how documents are ranked.
The clicks by a user are taken to be a proxy for the relevance of a document with respect to the query from this same user~{\bf [cite]}. 

A complication in the IR scenario is that it is not possible to obtain a reliable absolute score of a ranker. We can, however, obtain a more reliable---but still noisy---estimate of how two rankers compare using \emph{interleaved comparisons}~\cite{radlinski2008:how}.
The state-of-the-art approach to optimizing the weights of the ranking function in an online fashion---by adapting to user feedback---uses \emph{dueling bandit gradient descent} (DBGD)~\cite{yue09:inter,hofmann12:balancing}.
However, the landscape that is being optimized has local optima. And since it is a gradient descent approach, the DBGD method might find suboptimal solutions.

For our experiments we use ten rankers, and view this as a 10-armded bandit problem. We are interested in finding the ranker that converged to the best local optimum; that is, the ranker that produces document rankings that contain the largest number of relevant documents the highest up in the ranking.
These 10 rankers were obtained by randomly initializing DBGD 10 times and letting it descent the gradient using 10K simulated queries each. Specifically, we use the state-of-the-art \emph{candidate preselection} (CPS)~\cite{hofmann_2013_reusing} method that requires the \emph{probabilistic interleave} (PI)~\cite{hofmann11:probabilistic} method for the relative comparisons.
The clicks are generated with a probabilistic user model~\cite{craswell08:experimental} that uses the LETOR NP2004 dataset~\cite{letor}. to generate clicks modeling a user with an informational information need~~\cite{Broder2002}. We specifically use rankers that converged for this relatively noisy information need to obtain rankers that are similar but not the same.

Our ten rankers range quite widely in performance, measured on a held out dataset using NDCG~{\bf [cite]}, from 0.6362 to 0.6725.  We also measured the cosine similarity, see Table~\ref{tab:ndcg-cor}.

\begin{table}
\tiny
\centering
\caption{NDCG measured on holdout dataset and cosine similarity of weight vectors that constitute the 10 arms.}
\label{tab:ndcg-cor}
\begin{tabular}{@{}l@{~~}l@{~~}|@{~~}r@{~~}r@{~~}r@{~~}r@{~~}r@{~~}r@{~~}r@{~~}r@{~~}r@{~~}r@{~~}r@{}}
 & NDCG & 0 & 1 & 10 & 11 & 12 & 13 & 14 & 15 & 16 & 17\\
 \hline
0 & 0.6643 &1.00 & 0.75 & 0.73 & 0.73 & 0.77 & 0.80 & 0.71 & 0.80 & 0.78 & 0.74\\
1 & 0.6445 &0.75 & 1.00 & 0.70 & 0.72 & 0.72 & 0.72 & 0.79 & 0.75 & 0.80 & 0.68\\
10 & 0.6492 &0.73 & 0.70 & 1.00 & 0.77 & 0.81 & 0.80 & 0.76 & 0.80 & 0.80 & 0.75\\
11 & 0.6410 &0.73 & 0.72 & 0.77 & 1.00 & 0.82 & 0.73 & 0.73 & 0.77 & 0.76 & 0.72\\
12 & 0.6470 &0.77 & 0.72 & 0.81 & 0.82 & 1.00 & 0.75 & 0.80 & 0.76 & 0.80 & 0.70\\
13 & 0.6533 &0.80 & 0.72 & 0.80 & 0.73 & 0.75 & 1.00 & 0.70 & 0.76 & 0.82 & 0.78\\
14 & 0.6362 &0.71 & 0.79 & 0.76 & 0.73 & 0.80 & 0.70 & 1.00 & 0.75 & 0.77 & 0.73\\
15 & 0.6725 &0.80 & 0.75 & 0.80 & 0.77 & 0.76 & 0.76 & 0.75 & 1.00 & 0.76 & 0.69\\
16 & 0.6453 &0.78 & 0.80 & 0.80 & 0.76 & 0.80 & 0.82 & 0.77 & 0.76 & 1.00 & 0.79\\
17 & 0.6435 &0.74 & 0.68 & 0.75 & 0.72 & 0.70 & 0.78 & 0.73 & 0.69 & 0.79 & 1.00\\
\end{tabular}
\end{table}
